EARLY (start 25):
0.0,420.0 25.0,418.3 50.0,416.5 75.0,414.5 100.0,412.4 125.0,410.2 150.0,407.7 175.0,405.1 200.0,402.3 225.0,399.2 250.0,395.9 275.0,392.4 300.0,388.6 325.0,384.4 350.0,380.0 375.0,375.3 400.0,370.1 425.0,364.6 450.0,358.6 475.0,352.2 500.0,345.3 525.0,337.9 550.0,329.9 575.0,321.3 600.0,312.0 625.0,302.0 650.0,291.2 675.0,279.6 700.0,267.1 725.0,253.6 750.0,239.1 775.0,223.5 800.0,206.7 825.0,188.6 850.0,169.1 875.0,148.1 900.0,125.5 925.0,101.1 950.0,74.9 975.0,46.6 1000.0,16.2

LATE (start 35):
0.0,420.0 25.0,420.0 50.0,420.0 75.0,420.0 100.0,420.0 125.0,420.0 150.0,420.0 175.0,420.0 200.0,420.0 225.0,420.0 250.0,420.0 275.0,418.3 300.0,416.5 325.0,414.5 350.0,412.4 375.0,410.2 400.0,407.7 425.0,405.1 450.0,402.3 475.0,399.2 500.0,395.9 525.0,392.4 550.0,388.6 575.0,384.4 600.0,380.0 625.0,375.3 650.0,370.1 675.0,364.6 700.0,358.6 725.0,352.2 750.0,345.3 775.0,337.9 800.0,329.9 825.0,321.3 850.0,312.0 875.0,302.0 900.0,291.2 925.0,279.6 950.0,267.1 975.0,253.6 1000.0,239.1

y-axis top = 927,681
gridline 250,000: y = 306.8
gridline 500,000: y = 193.6
gridline 750,000: y = 80.4
